1574
1469
2168
1924
1819
1924
1574
1469
1399
1749
1924
1819
1749
1574
1469
1469
1469
1469
980
1504
1679
1749
1924
1574
1574
1399
1679
1749
1574
1609
1644
1469
1819
1574
1609
1539
1574
1539
1469
1224
1574
1679
1644
1609
1644
1539
1504
1574
1539
1399
1259
1504
1749
1609
1749
1539
1504
1259
1259
1679
1679
1609
1539
1399
1399
1399
1399
1574
1259
1679
1539
1329
1224
1329
1224
1294
1644
1574
1644
1609
1434
1294
1434
1609
1539
1469
1259
1224
1189
1609
1749
1609
1574
1504
1399
1224
1399
1644
1574
1574
1504
1399
1224
1469
1399
1539
1504
1329
1224
1259
1574
1539
1329
1364
980
875
910
980
1049
1084
1119
1049
875
980
1224
1189
1154
1189
1189
1049
1224
1189
1049
1224
1189
1189
1259
1189
1084
980
1189
1224
1154
1154
1049
1084
1084
1259
1259
1189
1189
1154
1042
1042
1042
1049
1259
1224
1294
1189
1154
1189
1329
1294
1294
1259
1119
980
980
945
1084
1189
1084
1189
1084
1084
